Name       Followers  Following  Tweets

Ronaldinho_Gaucho	10961426	11	1960
Simon_Cowell	10728654	2518	1389
Khloe	11308694	266	44220
Oprah_Winfrey	25663774	214	9767
Kelly_Clarkson	9862115	100	4199
Bill_Gates	18142844	165	1429
Samsung_Mobile	10088290	370	2887
Facebook	13903065	89	1092
Kaka	21202410	415	3693
Ryan_Seacrest	12896673	569	9522
Alicia_Keys	20062319	519	5062
Wayne_Rooney	10111415	231	1500
Kevin_Hart	13198647	486	22629
Conan_O'Brien	12569690	1	1821
Ariana_Grande	20175342	68413	35467
Jimmy_Fallon	16440712	6153	7728
Snoop_Dogg	11647509	2504	22347
Louis_Tomlinson	17741709	3401	5257
Twitter	33023974	102	1820
NBA	11721865	1292	81987
BBC_Breaking_News	11914553	3	21613
Marshall_Mathers	18794314	0	391
Ricky_Martin	10986704	329	5444
Miley_Ray_Cyrus	18719687	370	7894
One_Direction	21048115	3693	7340
Barack_Obama	48832144	647073	12597
Adele	21086679	170	213
Jim_Carrey	13114879	1	4035
Tyra_Banks	11704213	2923	5189
Coldplay	13302594	2123	4289
LeBron_James	15760028	221	4339
AGNEZ_MO	11561311	983	14008
Selena_Gomez	24075651	1277	3535
KANYE_WEST	10892044	1	90
Drizzy	17421521	634	1614
Gerard_Pique	9646558	461	1699
Niall_Horan	20232964	5151	9654
Alejandro_Sanz	11675145	622	25528
Jennifer_Lopez	29553240	1139	4983
Diddy	10012866	1636	27336
Amitabh_Bachchan	11082062	940	35007
Andres_Iniesta	9787076	54	813
Ivete_Sangalo	10975213	707	35909
Lady_Gaga	42636893	133838	5896
CNN_Breaking_News	20216567	113	35756
Neymar_Jr	14993153	704	40017
FC_Barcelona	13036443	45	29169
Ludacris	9808107	298	13739
Emma_Watson	15096855	122	806
Shakira	27624880	157	3199
Pitbull	18206191	2487	5921
will.i.am	12518090	1088	5626
Cameron	15735721	591	34330
The_New_York_Times	13745985	977	154197
Ed_Sheeran	10853886	627	30420
Justin_Timberlake	36809235	83	2615
Vine	11410513	41	654
Leonardo_DiCaprio	11318468	130	398
Carly_Rae_Jepsen	10507495	93082	5665
YouTube	46109837	831	11655
Chris_Brown	13711258	4	1745
Christina_Aguilera	13350758	21	631
Dalai_Lama	9630054	0	1053
Liam	18299086	16166	8534
Paris_Hilton	12967131	6508	22484
Ashton_Kutcher	16461573	721	8537
Cristiano_Ronaldo	30839979	95	2197
Usher_Raymond_IV	9846857	308	3365
Justin_Bieber	56168542	156567	27862
Zac_Efron	9748388	183	909
Pink	24976031	339	5463
Beyonce_Knowles	13653264	8	8
David_Guetta	15763689	145	2127
AshleyTisdaleFrench	12415637	178	4740
SportsCenter	10382819	1453	47962
Mariah	15192748	77	5604
Lil_Wayne_WEEZY_F	18761819	41	1098
UberSocial	11714360	2310	34450
daniel_tosh	11507359	119	10296
Instagram	35767116	18	5546
zaynmalik1D	13382210	2102	2366
Britney_Spears	39358995	401187	3810
Bruno_Mars	19137806	86	3249
Kim_Kardashian_West	24839921	139	18187
Real_Madrid	13313319	44	42506
Charlie_Sheen	11298879	140	1894
KATY_PERRY	59048392	158	6145
Rihanna	37825128	1171	9357
MTV	11537302	31956	101366
Taylor_Swift	45880858	137	2705
Avril_Lavigne	17065988	64	2622
Twitter_en_espanol	13995722	36	838
Ellen_DeGeneres	33669987	39274	9455
Kourtney_Kardashian	12936125	56	8626
Harry_Styles	22406009	1855	4904
Demi_Lovato	25141727	322	12252
NICKI_MINAJ	18231589	3647	29819
ESPN	12489133	428	59810
Neil_Patrick_Harris	10934155	69	1999
CNN	14562687	996	50508